
% Exemple 6
u=[12 34 11 13 27 16 2 11 15 42, 21 23 12 10 3 8 21 21 10 1];
v=[2 3 1 2 1 5 4 2 4 5,  2 3 6 7 2 10 2 4  2 3];
V=24;


