
% Exemple 8
u=[12 34 11 13 27 16 2 11 15 42, 21 23 12 10 3 8 21 21 10 1, 42 21 23 14 15 21 20 19 12 12, 12 3 21 13 2 4 5 9 10 15];
v=[2 3 1 2 1 5 4 2 4 5,  2 3 6 7 2 10 2 4  2 3, 3 4 2 5 4 3 7 4 7 6, 4 3 5 2 3 4 1 9 3 2];
V=60;
